# training
168947
115320
100610
108121
130013
109123
169545
112112
146836
107018
124220
162329
153934
150726
107725
115219
154431
108525
108222
127226
144125
163331
166438
131217
143325
101915
102008
119126
154532
130417
118124
132118
148941
165436
135225
102816
101410
129028
141422
131722
157336
165032
139637
123723
168038
158136
104416
148133
111312
168341
130720
129129
167743
107220
112920
102311
146634
128632
105923
140824
126426
122317
101107
137128
146533
124826
167238
120212
163432
141826
102109
120414
103212
161630
153025
148032
134223
168240
142424
103818
132017
138130
159340
162026
165840
152427
128329
137532
140420
162733
115017
143224
121719
129937
133827
161832
130316
134324
153833
114217
164030
160931
102513
112516
117021
171128
111514
143830
137431
136833
140117
125424
136631
119025
160830
122822
163836
123521
152831
149741
106016
139233
126628
150928
128935
145127
169141
111211
114419
106521
130821
161327
169343
113215
111009
170934
135932
136227
116221
118932
153429
121416
147030
108323
151021
154734
158035
146331
129634
117728
126325
169444
115724
115825
149842
164131
134425
168745
144832
113922
120515
129432
113619
118730
159138
154330
157437
105620
131419
124624
165638
103515
150625
154936
131621
153631
156637
130114
138837
151829
140925
116524
151627
128026
151324
103414
106824
118225
141119
125525
150019
135629
126931
107321
166640
159441
117324
102715
158843
101309
155231
156435
110613
145531
162935
138534
170631
124422
150524
144428
116726
114924
113417
133928
145632
154229
130518
145834
161731
139435
151728
144933
167440
119732
143426
103010
135730
153126
116120
160729
127630
112819
111413
114621
149236
118023
131924
159845
123117
105115
140319
133625
158540
156334
134829
148335
159239
156233
123824
122620
103111
114116
155938
111716
110007
169949
142828
151930
129533
127327
127731
117122
130922
121315
146937
147737
148436
118528
117930
127832
108020
100206
129331
139839
108828
122418
130619
167036
109325
113821
120010
157942
134627
149337
144226
113316
146129
144731
100408
152225
156536
159946
114318
150423
121618
168139
147636
104820
164636
104012
153732
121921
155635
159744
116423
151223
110411
105216
133019
100307
112314
162228
164939
146735
165941
160123
156031
109830
118831
127933
136126
151526
102614
101006
146432
137027
137229
143527
121820
148840
134021
165234
128127
114823
120717
137936
120111
149539
134728
131823
105014
135124
163129
154835
123420
106319
153227
169747
136732
107422
169040
151425
158338
123925
138231
138332
125222
137633
135528
119833

# validation
175338
171330
173536
173132
174841
173334
176441
171633
179245
171532
177746
173637
178748
173940
178243
180230
175136
179346
178647
172938
177342
178142
171431
173435
175035
175439
175540
179952
172534
181131
179548
172130
172029
174437
173839
173233
175237
180735
175742
176239
173738
181232
176542
177241
176744
178950
176845
176037
180937
180432
178849
180129
177645
172332
172433
171734
180533
177140
172635
180836

# testing
199958
192439
210011
185442
219231
212116
199150
231928
192136
195950
182739
199655
191336
217429
198855
208327
205119
198350
198047
194645
204016
227533
209127
197550
212217
209935
204521
206323
186141
211417
195647
187850
194746
211316
200917
220721
206929
201515
189450
200614
214221
206828
197348
187143
199251
203923
205725
207123
236130
188751
212318
185846
200311
196952
198451
191235
190132
213421
196346
199352
186040
186444
221218
207628
196144
194847
210617
211821
188448
192237
208226
201111
194443
201717
186545
224022
202113
195445
193441
210415
239944
183337
203418
185139
210112
211114
196750
212015
209228
192035
201818
208630
201414
185341
214423
208125
200008
207426
181636
186949
246133
192540
194140
227432
238033
192843
197449
204319
245333
199453
248339
205826
209329
212419
213017
212823
191942
213522
204622
233326
182436
214019
209834
214726
239136
198249
191841
214524
206222
228434
188145
187547
187345
206727
190031
211215
200109
183034
193845
188549
182032
195849
214625
195041
191033
193239
249947
196851
202820
211720
185038
185947
182840
206525
248238
217126
237334
198653
205220
204420
200513
200210
211922
188347
197651
189349
208024
189652
186848
203721
191437
221319
223929
202719
183741
192641
208428
209531
204218
211619